907
731
603
385
1453
1139
347
1463
1709
377
1669
727
1683
1167
1865
847
511
963
465
517
185
111
315
1837
135
1817
653
633
343
1671
655
1979
23
1037
237
1241
2011
1171
1821
839
1903
671
1965
1645
149
1877
273
523
1459
1673
1887
271
1359
1665
1873
1755
669
337
15
1203
647
1363
1775
1557
493
1799
803
1157
1285
1185
991
1447
1999
785
531
1807
1549
235
1487
1099
1267
363
677
1811
1905
1833
673
265
1399
1245
381
1819
1393
1685
1227
1107
349
1261
1059
1513
1945
1421
1253
1739
1621
215
39
1489
1735
325
597
41
165
163
373
1941
1649
69
895
935
969
1209
1333
923
829
1323
195
1805
661
1113
1587
1147
533
1339
771
5
7
1477
1425
423
541
1509
1291
1623
1503
277
823
369
1935
1315
1577
445
139
63
481
1409
1449
177
91
1847
1507
357
1385
1545
1187
917
609
1659
107
147
83
257
645
391
323
519
1869
287
1123
649
491
715
1641
1009
2045
1351
205
453
1675
873
529
261
1287
1381
1423
1005
199
207
515
1021
475
247
21
1445
607
1259
1289
703
937
897
371
1547
521
297
1125
905
1731
1479
1305
631
1717
335
1579
121
1347
429
993
841
1475
1977
641
1619
1055
1615
123
759
1365
1191
393
9
545
1809
1169
201
299
1711
1957
143
131
79
259
179
1677
1471
167
1943
637
1823
1341
293
1097
765
1353
1379
1855
837
821
899
579
1517
1883
1959
885
547
951
717
791
1583
467
1091
1551
1737
1705
1687
1629
1457
13
701
1521
227
1061
719
953
1257
81
1025
487
43
2039
2031
985
1115
1901
503
1069
1569
77
421
1939
997
1469
485
1301
1231
1297
1063
209
203
1023
267
469
1027
1599
639
977
1637
1033
741
441
1319
919
1853
1867
1611
1119
797
1045
595
119
2047
55
553
543
283
2003
1401
1589
1533
1429
1461
827
1135
617
1831
1899
1617
777
399
1067
1109
1153
183
1441
1973
623
1163
557
1595
539
1265
1073
817
1057
1871
1415
479
1013
681
249
169
1555
1885
1917
1149
1955
67
1553
241
473
1219
507
793
1801
1785
877
783
443
869
811
737
1467
1843
659
1437
757
1439
611
253
1527
2033
1707
2043
1921
1585
1405
1597
825
401
281
1773
1485
949
1703
361
1655
549
1483
61
2005
781
1043
341
113
1657
1715
495
1565
1997
1747
413
1881
1745
1235
693
599
53
411
1841
1047
1313
1465
593
961
1181
859
1223
581
889
3
601
389
713
1197
2035
2017
849
767
1141
1497
1179
1925
1879
733
1987
571
367
1411
1519
33
1183
667
1085
967
1213
833
1875
1797
1161
1511
435
1079
319
1295
1643
1111
99
665
1969
867
749
1233
1721
1851
1195
233
509
683
1395
1803
463
375
893
137
1591
1697
943
1919
317
999
691
449
1281
1193
537
809
1593
1825
173
1771
773
1529
1269
1691
1271
1361
27
1961
1603
311
263
2029
551
103
1781
129
217
193
1403
565
89
1729
1929
1947
863
2013
93
355
1011
353
955
1383
1829
1127
865
49
1859
753
1759
1909
1309
1537
577
327
561
629
1103
1065
883
1523
1217
1199
1609
295
1041
155
451
1631
1355
535
987
1155
1573
105
739
1083
439
1605
1743
433
197
305
901
1273
959
657
575
1307
97
1815
457
25
309
1927
2021
879
723
795
1813
843
931
37
815
1995
605
383
1387
1681
245
1427
459
409
831
915
2019
799
1329
587
1563
1173
417
1601
115
887
477
415
345
29
35
1613
153
909
747
1443
1035
145
161
301
965
1275
333
291
615
1071
1541
983
707
1053
573
643
431
1413
73
855
921
1175
651
471
695
1733
1897
1017
1433
1081
663
1625
625
1375
745
1077
379
947
1133
239
1049
2025
675
1963
1559
819
1451
1667
181
1861
1981
141
903
269
1923
71
775
1607
87
289
1221
729
1789
857
1225
331
1689
425
313
175
1723
1777
45
51
1151
57
1431
1793
1975
583
755
1931
939
2009
1349
1277
1101
1369
187
1389
427
1839
1937
1481
513
933
709
47
1863
1535
1145
1763
1493
807
1205
769
1561
1783
1699
1003
255
1857
975
1293
1495
1765
751
721
75
1015
1377
1753
397
569
243
497
359
11
875
125
1279
1787
687
1505
1299
1679
845
1993
31
387
1031
171
1933
405
1201
711
1543
1727
761
679
455
1019
395
1093
835
1525
2027
251
1915
911
1741
279
65
1949
1207
705
19
1373
2023
151
1029
505
1317
973
1137
1455
483
1849
567
743
275
1407
1177
801
1117
989
85
1989
591
1345
1845
2001
925
851
1749
1335
1719
1779
787
1581
101
1633
211
1051
189
1255
589
945
1417
689
2015
109
621
1001
447
1129
685
957
1983
403
1243
861
1327
1653
525
891
779
1121
1893
213
221
1331
1827
1007
1761
419
461
499
881
407
1907
941
1651
1913
1539
1835
789
1397
1639
1491
1391
1
1343
1105
627
585
871
927
2037
1131
1725
157
489
1795
501
1571
1303
1075
613
95
1693
1089
1953
555
303
1237
1701
1985
735
219
913
1251
2041
225
1515
1891
995
563
1713
351
929
1311
1371
1229
1247
1663
133
979
559
1095
805
1367
1695
1627
1249
1895
329
1357
1791
635
1971
339
1951
1647
813
1143
1419
1635
1159
17
725
1499
1751
763
127
1767
191
1567
321
1215
527
307
1325
1039
1211
117
1501
1967
699
437
1337
697
1283
285
59
1911
229
1473
231
981
1263
971
853
159
1889
1087
619
1435
1575
1165
1991
365
223
1757
1321
1189
1661
1239
1769
1531
2007
